-2.78529	6.94894	4537.72
-2.28716	6.08995	1462.33
-1.83729	6.29311	1991.56
-3.11113	6.32451	2082.95
-1.38649	6.20424	1747.17
-0.890559	6.98569	4725.42
-1.19488	6.3164	2059.07
-2.01035	6.31298	2049.06
-1.65934	6.11067	1511.61
-3.01993	6.17198	1663.51
-1.70659	6.11174	1514.18
-1.90983	6.8558	4085.65
-1.68815	5.62275	595.577
-1.43653	6.8558	4085.65
-1.67375	4.91907	-43.3994
-1.0031	6.2224	1795.43
-1.13493	6.37621	2239.34
-0.369097	6.7586	3648.68
-0.387275	6.97351	4662.62
-0.438263	6.75753	3644.06
-0.625513	6.50097	2648.51
0.309709	6.98334	4713.25
-1.64199	6.31597	2057.81
-1.16243	6.97671	4679.08
-0.666931	6.97757	4683.48
-0.274988	6.93164	4451.19
0.322255	6.99017	4748.7
-0.399317	6.96432	4615.63
0.820126	6.95044	4545.26
1.62405	6.92972	4441.65
1.23277	6.81842	3913.48
0.587699	6.81842	3913.48
0.0632633	6.74621	3595.43
0.525572	6.68853	3354.66
-0.381317	6.95087	4547.41
0.0547716	6.58044	2933.81
-0.755626	6.81244	3886.42
0.187011	6.9436	4510.89
1.92141	6.93805	4483.1
0.189873	6.14656	1599.41
0.322356	6.94852	4535.57
0.628856	6.99573	4777.65
1.39913	6.8323	3976.82
0.678563	6.94894	4537.72
0.101654	6.91113	4350.15
-0.639016	6.98718	4733.17
-0.105495	6.8417	4020.11
-0.704514	5.1062	67.0494
-0.516828	6.77206	3707.13
-0.0834617	5.38798	309.051
-0.401799	6.83764	4001.38
-1.24483	6.83764	4001.38
-0.688648	5.68299	683.568
-0.61634	6.83828	4004.33
-0.0164663	6.13268	1565.06
-0.103545	5.97246	1201.71
-0.91556	5.93828	1131.67
-0.275973	6.69238	3370.35
-0.53347	6.09059	1463.83
-0.0091902	6.84448	4032.96
-0.611905	6.97116	4650.57
-0.0636158	6.45568	2494.65
-0.0784863	6.11751	1528.09
0.560258	6.87674	4184.36
1.69727	6.9498	4542.03
0.379268	6.9718	4653.85
0.872005	6.96988	4644
0.400002	5.62382	597.083
-1.01611	4.89279	-56.1519
-0.334052	4.8428	-78.6928
-1.06281	6.96304	4609.11
-0.352045	6.96304	4609.11
0.811812	6.30657	2030.4
0.930009	6.30315	2020.49
0.207002	6.30401	2022.96
-0.343718	6.8244	3940.68
-1.7591	6.8244	3940.68
-0.311606	6.99017	4748.7
-0.763325	6.62145	3088.95
0.123969	6.47213	2549.82
-0.441664	6.96304	4609.11
0.0665254	6.9295	4440.59
-1.97458	6.41125	2349.63
-0.717381	6.62231	3092.24
0.104329	6.62188	3090.59
-0.852912	6.69195	3368.6
-0.769514	6.63555	3143.55
-1.64707	6.30379	2022.34
-0.684565	6.8197	3919.3
-0.897119	6.95279	4557.11
-1.2034	6.89703	4281.64
-1.09684	6.61141	3050.47
-1.31198	6.74322	3582.66
-0.921674	6.75369	3627.5
-0.590098	6.76138	3660.68
-0.919309	6.99124	4754.26
-0.836727	6.99295	4763.16
-1.29723	6.69046	3362.5
-1.52934	6.40975	2344.85
-1.54787	6.72976	3525.58
-1.62316	6.16002	1633.14
-1.883	6.5375	2777.2
0.430656	6.97693	4680.18
-0.513481	6.5469	2810.98
-0.551141	6.52297	2725.53
0.0547546	6.68533	3341.62
-0.571959	6.88122	4205.73
-0.884592	6.95663	4576.56
-1.0707	6.99231	4759.82
-0.776615	6.99231	4759.82
0.561594	6.99786	4788.82
-0.0705138	6.9216	4401.52
-0.659823	6.84363	4029
-0.00851301	6.84961	4056.76
0.142702	5.52149	461.444
0.212259	6.92288	4407.84
-0.351789	6.93313	4458.62
-0.383543	6.97137	4651.66
-0.92958	6.4826	2585.35
0.0942391	6.72442	3503.11
-0.43075	6.15746	1626.68
-0.990149	6.08354	1447.29
-0.390669	6.06261	1398.85
-0.916867	6.13866	1579.8
-0.429934	6.77719	3729.57
0.431794	6.76501	3676.43
0.192349	6.7413	3574.47
-1.11919	6.04616	1361.5
-0.0201044	6.92203	4403.62
-0.65576	6.95023	4544.18
-0.358864	6.95044	4545.26
-0.483366	6.91946	4391
-1.21134	6.68447	3338.15
-0.582875	6.68447	3338.15
-0.340965	6.57296	2906.12
-0.287039	6.55779	2850.49
-0.317028	6.83102	3970.95
-0.621618	6.52255	2724.02
-0.701728	6.40227	2321.05
-0.679088	6.86883	4146.9
-0.625504	6.53344	2762.69
-0.958567	6.90515	4320.99
-1.32309	5.94426	1143.74
-1.31162	6.47277	2551.98
-1.19614	6.45718	2499.63
-1.42753	6.74301	3581.75
-0.648505	6.05556	1382.77
-1.71782	6.15276	1614.88
-2.30147	6.0547	1380.82
-1.97602	6.59432	2985.72
-1.93195	6.31768	2062.82
-2.00406	6.52895	2746.72
-2.17078	6.64175	3167.75
-1.66221	6.04765	1364.87
-1.28686	5.88295	1023.55
-0.461916	5.33777	258.426
0.00774609	6.39608	2301.45
-0.45741	6.06923	1414.06
-0.815719	6.94061	4495.91
-0.998321	5.82911	924.404
-0.374557	6.04125	1350.47
-0.768657	6.90152	4303.36
-0.905844	5.15961	105.431
-0.170074	5.52662	467.837
-0.464112	4.54159	-172.447
-1.44993	5.79835	870.336
-0.6832	5.82313	913.745
-0.762424	6.07457	1426.4
-0.348495	6.04103	1349.99
1.62128	6.8526	4070.69
0.326402	6.93548	4470.32
-0.305315	5.96391	1183.96
-0.437447	4.84515	-77.6825
0.4015	6.99338	4765.39
0.589376	6.9938	4767.62
-0.648215	6.39437	2296.06
0.445227	6.96454	4616.72
-0.786361	6.00172	1263.71
-1.28042	6.50588	2665.58
-1.64511	6.97949	4693.39
-1.34837	6.46572	2528.22
-1.8582	6.46572	2528.22
-1.43614	6.47213	2549.82
0.328974	6.7727	3709.93
-0.00730602	6.71844	3478.06
0.000942092	6.66311	3252.18
-0.237324	6.96753	4631.99
-0.508589	6.978	4685.68
-1.05763	6.27581	1942.34
-1.72341	6.15532	1621.31
-1.58962	6.10896	1507.5
-0.985441	6.24996	1870.3
-0.750783	6.10298	1493.2
-0.938016	6.10277	1492.69
-1.14222	6.84811	4049.81
0.298904	6.95856	4586.31
0.802855	6.97864	4688.99
-0.662699	6.88827	4239.46
-0.955683	6.78466	3762.46
-0.398622	6.63384	3136.89
